$ANSIBLE_VAULT;1.1;AES256
34343038613836633637613031343866336536306634613335663634396139633539383830643434
6131323931346236396638663365633636643031346237610a343537383563613262656439316566
38313465316534626663643062383130343332623434623238303637363534393036306661386234
3431306135373465390a383063376239643364633865316333633163653430333362656136323337
38316230333938396263333563663231313265323731313036663464353335313566643766363661
31386461306333343162373936333866633531336238363933323163303162383130336332386538
37643833373763636535633334393538373839613765306331346264363936303433626536333032
31386663663962353263366330666662393565646636346263343839393334623034303237326633
66333164366565633036626338326438613966326133613939333564623132663765333663663035
38343830653539313834613434346339643061613565373363303434623465666463633063306331
35656266626239653334323531386163326237633735376265383439316235613032363738613932
36343366653839643066623866366466656437356537346665363639666130333839343337633962
64626362373036353930663161646633616365653563643763656361646637373637383335356337
66353333643634393664646163653566633533313030656362353261623238303731613639333963
34363462663834383765326664333438336535393761303537353735323836323962313939343437
62643366316239343137383462343765373231663736343866656333353261306131376131353433
35656134393866373333316530666132623031346232656537366234343163613463306631643031
63353066393063303034633334313330643032373765636235643261376364643339376563333065
30313861653831623438326635633536383266633338376361313261653065633030636636363730
37653633653665393030626337393164326635656265333765373839393938343964303662663461
63303633636636343433393463623830616538666632653461346532373238386665336536366337
31353833376433396661373030366230326634396662623563346261636531323862326266336231
33663061316566626637366234333536326239643932646665623138623166643931613633336331
35376466396131666166303639383433666335643230656261336531386534363334656639333832
63663964616238313033346462313462313532313938363461336435653433396235336662656536
39663533336639373462393138336431646335636634393065333366663336333238613465626466
36303330626662376536373632396262373064656630306461633637666236343038663535653061
39316166353634313338396338353932323166656566626162393036653634343731346365353362
30623536366566623064343436633035633434323734373630626331663865633366663061653431
39376131633538306635313865313837363466633765323333303933303263363738336139353430
65663739376462333530316535333664643862333363353062623136633739373838373263346631
38616336393462356165393861333730646364616531393564356139663738353261663666666233
66613638313161633164393236616162613838383932623839613464303366306365333439333864
32343064663238373663356630303931616137306235393532383264656336356431363233396435
35643431656564636636616639316435636236336339303936393635373336366461323734643564
66373835343166666436383834643863653563366338383932656136373564303133363235653035
34646135323863663133623436333163316533326534633332323035663361613034393565636530
62626332356439356562373564643739633565663330656264656663306232653766663339366662
66343764353461326361313839346235363536306438643430623861343465383736666234623166
66366338393533313231636266343864623161316437613938393066643130373835626132656463
3334
